U=[0 0.00000000 0.00000000 0.00000000 0.00000000 0.00000000 0.00000000 0.00000000 0.00000000 0.00000000 0.00000000 0.00000000 0.00000000 0.00000000 0.00000000 0.00000000 0.00000000 0.00000000 0.00000000 0.00000000 0.00000000 0.00000000 0.00000000 0.00000000 0.00000000 0.00000000 0.00000000 0.00000000 0.00000000 0.00000000 0.00000000 0.00000000 0.00000000 0.00000000 0.00000000 0.00000000 0.00000000 0.00000000 0.00000000 0.00000000 0.00000000 0.00000000 0.00000000 0.00000000 0.00000000 0.00000000 0.00000000 0.00000000 0.00000000  1;
0 0.00028334 0.00049955 0.00040534 0.00002768 -0.00047339 -0.00116461 -0.00182705 -0.00256947 -0.00311724 -0.00364964 -0.00387918 -0.00407789 -0.00395386 -0.00385101 -0.00345479 -0.00315418 -0.00260034 -0.00221104 -0.00160154 -0.00120837 -0.00061108 -0.00025370 0.00027976 0.00052700 0.00094673 0.00108077 0.00139354 0.00142906 0.00164558 0.00159608 0.00172417 0.00159899 0.00164077 0.00144042 0.00138452 0.00108872 0.00089491 0.00044325 -0.00003630 -0.00097665 -0.00233751 -0.00475505 -0.00872985 -0.01579739 -0.02811971 -0.04554830 -0.03892435 0.16866029  1;
0 0.00077914 0.00120595 0.00067403 -0.00048840 -0.00228859 -0.00429708 -0.00659944 -0.00862607 -0.01058043 -0.01186530 -0.01290217 -0.01313360 -0.01317986 -0.01247783 -0.01176874 -0.01043357 -0.00928191 -0.00762059 -0.00630164 -0.00456071 -0.00328190 -0.00164537 -0.00053956 0.00089052 0.00173216 0.00288013 0.00343406 0.00429126 0.00456536 0.00513439 0.00513788 0.00541598 0.00514451 0.00510443 0.00451051 0.00405168 0.00296329 0.00177955 -0.00033208 -0.00316778 -0.00781904 -0.01466762 -0.02517751 -0.03941993 -0.05464238 -0.05750956 -0.00727362 0.30239987  1;
0 0.00124014 0.00162865 0.00048956 -0.00202555 -0.00532789 -0.00941713 -0.01345179 -0.01754633 -0.02074800 -0.02348428 -0.02489061 -0.02576999 -0.02531856 -0.02458856 -0.02272571 -0.02091591 -0.01819733 -0.01583271 -0.01274364 -0.01024440 -0.00715319 -0.00482434 -0.00200329 -0.00003373 0.00239239 0.00390279 0.00584562 0.00686573 0.00829805 0.00881810 0.00971713 0.00971763 0.01003554 0.00944851 0.00905405 0.00766895 0.00619250 0.00341153 -0.00007499 -0.00558949 -0.01294747 -0.02341661 -0.03635639 -0.05054509 -0.05940174 -0.04570088 0.04211725 0.39474630  1;
0 0.00150500 0.00167207 -0.00054685 -0.00445248 -0.00992368 -0.01593750 -0.02246062 -0.02819323 -0.03341592 -0.03689783 -0.03947224 -0.04007859 -0.03999354 -0.03816129 -0.03609685 -0.03262111 -0.02937538 -0.02501903 -0.02127305 -0.01664313 -0.01290816 -0.00844696 -0.00508646 -0.00109586 0.00169440 0.00506120 0.00717919 0.00983975 0.01124437 0.01314546 0.01379623 0.01486856 0.01468444 0.01478624 0.01356401 0.01236025 0.00959803 0.00631992 0.00098889 -0.00561271 -0.01482275 -0.02571415 -0.03835513 -0.04925541 -0.05134923 -0.02343588 0.09108014 0.46366955  1;
0 0.00158844 0.00109518 -0.00225516 -0.00817483 -0.01557496 -0.02427452 -0.03271257 -0.04092634 -0.04727221 -0.05242734 -0.05501213 -0.05639990 -0.05534383 -0.05362479 -0.04989236 -0.04612766 -0.04078101 -0.03594991 -0.02987656 -0.02474124 -0.01860455 -0.01370887 -0.00797486 -0.00369891 0.00132864 0.00480774 0.00897790 0.01156460 0.01478654 0.01641772 0.01860176 0.01918964 0.02019580 0.01956489 0.01911920 0.01689889 0.01446914 0.00997759 0.00473194 -0.00286599 -0.01154174 -0.02217944 -0.03257235 -0.04028958 -0.03571747 0.00341597 0.13627270 0.51802129  1;
0 0.00142629 0.00007912 -0.00498807 -0.01272404 -0.02281977 -0.03360219 -0.04485689 -0.05455952 -0.06306113 -0.06856462 -0.07235003 -0.07294843 -0.07231642 -0.06897205 -0.06518989 -0.05926792 -0.05364488 -0.04635554 -0.03995024 -0.03222080 -0.02580548 -0.01829862 -0.01240486 -0.00557984 -0.00055544 0.00532342 0.00931661 0.01410380 0.01697860 0.02056279 0.02222714 0.02447390 0.02478435 0.02547975 0.02417881 0.02296678 0.01963879 0.01602877 0.01017136 0.00373565 -0.00478108 -0.01345344 -0.02216207 -0.02601887 -0.01615691 0.03249468 0.17764662 0.56258075  1;
0 0.00110934 -0.00161020 -0.00833296 -0.01863114 -0.03088295 -0.04467702 -0.05774840 -0.07005119 -0.07930526 -0.08645562 -0.08970423 -0.09103553 -0.08885445 -0.08567438 -0.07970124 -0.07367900 -0.06549704 -0.05804210 -0.04889351 -0.04105205 -0.03183285 -0.02433104 -0.01565913 -0.00898117 -0.00127229 0.00428697 0.01081239 0.01512712 0.02032787 0.02330205 0.02704574 0.02856257 0.03068199 0.03056872 0.03082833 0.02883697 0.02694124 0.02280453 0.01851940 0.01212943 0.00563384 -0.00207389 -0.00794151 -0.00903610 0.00631323 0.06170879 0.21601962 0.60006061  1;
0 0.00055357 -0.00367899 -0.01273765 -0.02519884 -0.04051545 -0.05638256 -0.07241229 -0.08591229 -0.09730031 -0.10428107 -0.10861129 -0.10853026 -0.10670816 -0.10132047 -0.09538373 -0.08671285 -0.07849878 -0.06817181 -0.05906043 -0.04825584 -0.03920823 -0.02873701 -0.02039226 -0.01079844 -0.00357665 0.00479296 0.01068344 0.01764973 0.02210075 0.02752364 0.03043632 0.03417870 0.03543791 0.03734115 0.03680537 0.03669541 0.03422737 0.03197661 0.02754391 0.02323305 0.01724987 0.01208620 0.00787394 0.01050186 0.02945431 0.09092425 0.25154516 0.63230002  1;
0 -0.00013405 -0.00643578 -0.01763891 -0.03310226 -0.05066874 -0.06971582 -0.08735641 -0.10347041 -0.11518179 -0.12368733 -0.12686432 -0.12735834 -0.12334885 -0.11809636 -0.10942648 -0.10081004 -0.08960236 -0.07942673 -0.06721271 -0.05672856 -0.04455290 -0.03458570 -0.02314076 -0.01421928 -0.00396312 0.00358551 0.01240446 0.01844151 0.02566179 0.03009692 0.03559345 0.03834702 0.04200706 0.04300396 0.04472559 0.04390931 0.04363397 0.04102142 0.03882062 0.03465713 0.03109378 0.02682852 0.02553813 0.03024164 0.05331747 0.11921310 0.28496798 0.66040132  1;
0 -0.00107234 -0.00951530 -0.02358545 -0.04142570 -0.06225194 -0.08323004 -0.10385804 -0.12083895 -0.13461215 -0.14241131 -0.14647875 -0.14489761 -0.14110944 -0.13305223 -0.12447134 -0.11273920 -0.10174861 -0.08834043 -0.07656408 -0.06281708 -0.05130863 -0.03809035 -0.02751173 -0.01538047 -0.00614281 0.00455728 0.01223971 0.02131946 0.02735182 0.03467904 0.03900063 0.04448502 0.04705971 0.05064020 0.05146148 0.05312122 0.05224044 0.05205340 0.04965746 0.04794257 0.04473042 0.04305954 0.04289859 0.05076044 0.07653064 0.14706858 0.31614302 0.68527799  1;
0 -0.00213722 -0.01328778 -0.02986216 -0.05094725 -0.07393431 -0.09809770 -0.12005890 -0.13962164 -0.15330610 -0.16248443 -0.16477893 -0.16356053 -0.15694032 -0.14896127 -0.13713867 -0.12562995 -0.11127685 -0.09837855 -0.08322083 -0.07027955 -0.05540066 -0.04323643 -0.02930826 -0.01841119 -0.00585456 0.00348728 0.01443666 0.02209753 0.03128586 0.03721023 0.04454915 0.04872088 0.05416896 0.05661045 0.06017279 0.06095671 0.06270870 0.06199705 0.06215410 0.06035052 0.05966264 0.05847967 0.06102832 0.07041025 0.09980423 0.17356247 0.34569898 0.70741222  1;
0 -0.00346742 -0.01729933 -0.03707749 -0.06052758 -0.08674422 -0.11255865 -0.13744848 -0.15755767 -0.17324195 -0.18122232 -0.18419860 -0.18025069 -0.17368779 -0.16234356 -0.15068298 -0.13567063 -0.12183952 -0.10544724 -0.09119592 -0.07479097 -0.06113836 -0.04552672 -0.03305164 -0.01871481 -0.00774840 0.00502706 0.01430725 0.02534330 0.03287099 0.04206121 0.04782645 0.05513191 0.05917017 0.06460318 0.06699782 0.07063062 0.07153037 0.07352754 0.07321215 0.07398946 0.07329487 0.07466447 0.07793221 0.09028676 0.12181752 0.19946625 0.37327662 0.72732815  1;
0 -0.00490949 -0.02194439 -0.04435169 -0.07101626 -0.09909564 -0.12794744 -0.15385282 -0.17651135 -0.19176935 -0.20101889 -0.20165060 -0.19783854 -0.18783156 -0.17652329 -0.16119570 -0.14663970 -0.12919278 -0.11375250 -0.09596028 -0.08092534 -0.06376443 -0.04981763 -0.03382645 -0.02132543 -0.00681930 0.00403022 0.01685487 0.02595319 0.03695776 0.04428991 0.05342160 0.05902405 0.06629050 0.07024798 0.07571226 0.07816296 0.08195806 0.08312257 0.08551766 0.08587069 0.08773572 0.08923777 0.09515927 0.10868301 0.14361326 0.22377318 0.39949256 0.74523064  1;
0 -0.00660500 -0.02666491 -0.05232339 -0.08107312 -0.11213314 -0.14224966 -0.17097606 -0.19391600 -0.21117628 -0.21884100 -0.21997827 -0.21282865 -0.20271885 -0.18755853 -0.17252604 -0.15420278 -0.13767619 -0.11861745 -0.10229242 -0.08371606 -0.06841210 -0.05091983 -0.03701456 -0.02091895 -0.00859883 0.00590362 0.01650428 0.02924825 0.03809508 0.04899720 0.05611808 0.06516938 0.07064125 0.07788865 0.08183733 0.08738751 0.08999890 0.09404638 0.09563739 0.09865405 0.10018275 0.10424656 0.11059597 0.12705390 0.16379427 0.24744592 0.42386023 0.76146834  1;
0 -0.00836309 -0.03185612 -0.05996196 -0.09161885 -0.12407289 -0.15697293 -0.18639997 -0.21189735 -0.22851963 -0.23743902 -0.23576499 -0.22854729 -0.21444442 -0.19932005 -0.18031565 -0.16277622 -0.14252989 -0.12496542 -0.10507790 -0.08851298 -0.06967254 -0.05450218 -0.03699568 -0.02335898 -0.00734112 0.00465670 0.01902161 0.02930138 0.04188755 0.05046254 0.06123195 0.06816280 0.07713817 0.08253325 0.08979343 0.09381183 0.09950338 0.10238407 0.10679938 0.10907299 0.11321250 0.11713259 0.12616434 0.14357950 0.18365624 0.26937834 0.44702562 0.77611480  1;
0 -0.01031827 -0.03686094 -0.06793574 -0.10116316 -0.13619078 -0.16991834 -0.20204875 -0.22765162 -0.24638714 -0.25350470 -0.25225728 -0.24119113 -0.22685675 -0.20749728 -0.18900380 -0.16758753 -0.14876287 -0.12760428 -0.10982200 -0.08975378 -0.07344014 -0.05470831 -0.03992938 -0.02260443 -0.00936305 0.00645460 0.01805201 0.03219863 0.04213906 0.05453476 0.06285560 0.07348925 0.08027413 0.08919154 0.09457268 0.10188046 0.10604943 0.11194689 0.11524274 0.12025981 0.12378901 0.13032825 0.13959577 0.16000067 0.20169918 0.29069398 0.46841769 0.78943593  1;
0 -0.01224197 -0.04207360 -0.07510353 -0.11071537 -0.14657102 -0.18277556 -0.21532598 -0.24355540 -0.26160565 -0.27012435 -0.26578949 -0.25453646 -0.23576504 -0.21650316 -0.19387852 -0.17367245 -0.15118014 -0.13213201 -0.11088330 -0.09349348 -0.07369098 -0.05792562 -0.03951101 -0.02523895 -0.00818719 0.00458081 0.02012186 0.03130975 0.04520767 0.05482922 0.06702932 0.07513586 0.08564346 0.09233571 0.10121669 0.10664875 0.11404218 0.11845705 0.12467541 0.12867331 0.13488616 0.14108091 0.15311957 0.17436756 0.21942726 0.31019695 0.48872461 0.80143613  1;
0 -0.01425871 -0.04676340 -0.08218149 -0.11869563 -0.15663337 -0.19322462 -0.22836797 -0.25662532 -0.27703311 -0.28377569 -0.27998446 -0.26456429 -0.24550802 -0.22176089 -0.19994533 -0.17590900 -0.15540810 -0.13290735 -0.11440993 -0.09361869 -0.07697177 -0.05766204 -0.04255540 -0.02452988 -0.01078697 0.00593631 0.01822227 0.03346071 0.04426787 0.05791364 0.06725590 0.07926545 0.08720508 0.09759864 0.10425270 0.11311934 0.11867235 0.12621107 0.13103018 0.13785245 0.14323995 0.15214618 0.16430759 0.18865583 0.23523522 0.32915649 0.50732614 0.81232507  1;
0 -0.01610844 -0.05133750 -0.08797056 -0.12621912 -0.16439059 -0.20313246 -0.23845576 -0.26945982 -0.28931588 -0.29783293 -0.29099463 -0.27546950 -0.25171001 -0.22819393 -0.20223154 -0.17988769 -0.15588549 -0.13610128 -0.11428206 -0.09676201 -0.07668390 -0.06088627 -0.04211588 -0.02764476 -0.01000084 0.00320895 0.01958598 0.03143456 0.04637098 0.05683986 0.07023577 0.07934187 0.09116518 0.09898444 0.10927460 0.11594586 0.12482948 0.13060211 0.13842593 0.14400106 0.15215826 0.16058550 0.17564226 0.20078503 0.25079421 0.34630432 0.52498121 0.82204499  1;
0 -0.01790857 -0.05502969 -0.09325638 -0.13167402 -0.17140616 -0.21011134 -0.24791188 -0.27894396 -0.30152890 -0.30860519 -0.30275472 -0.28309647 -0.25915359 -0.23105354 -0.20623281 -0.18020606 -0.15873506 -0.13567193 -0.11714213 -0.09630582 -0.07987294 -0.06052960 -0.04551811 -0.02723248 -0.01332470 0.00394801 0.01666682 0.03270301 0.04416338 0.05879844 0.06896873 0.08211200 0.09102152 0.10265952 0.11040352 0.12060464 0.12736200 0.13633424 0.14252113 0.15099589 0.15816993 0.16942009 0.18454626 0.21291699 0.26438590 0.36301510 0.54108467 0.83075680  1;
0 -0.01937995 -0.05828206 -0.09683606 -0.13628894 -0.17567218 -0.21618233 -0.25394030 -0.28785013 -0.31017970 -0.31967596 -0.31128200 -0.29197797 -0.26336097 -0.23568625 -0.20678551 -0.18287222 -0.15807593 -0.13819431 -0.11644349 -0.09929127 -0.07944036 -0.06398904 -0.04527287 -0.03091051 -0.01303230 0.00036589 0.01727635 0.02956738 0.04526146 0.05636995 0.07069319 0.08059725 0.09347969 0.10222921 0.11368385 0.12140452 0.13155339 0.13851612 0.14776743 0.15481876 0.16485253 0.17554841 0.19370584 0.22285239 0.27779225 0.37789786 0.55648163 0.83841468  1;
0 -0.02064215 -0.06033897 -0.09958353 -0.13847087 -0.17887784 -0.21892968 -0.25900179 -0.29297345 -0.31849328 -0.32722551 -0.32072026 -0.29786645 -0.26944434 -0.23723490 -0.20972932 -0.18224941 -0.16034237 -0.13728130 -0.11914223 -0.09868677 -0.08277103 -0.06374269 -0.04907819 -0.03085441 -0.01701696 0.00049772 0.01344281 0.02998720 0.04188567 0.05721828 0.06799890 0.08199279 0.09165970 0.10427278 0.11290228 0.12419014 0.13196877 0.14216919 0.14959505 0.15960986 0.16856200 0.18220103 0.20042265 0.23290755 0.28919449 0.39229596 0.57048987 0.84533109  1;
0 -0.02141865 -0.06170782 -0.10034785 -0.13955667 -0.17902907 -0.22047394 -0.26025588 -0.29718850 -0.32290411 -0.33496276 -0.32699643 -0.30547259 -0.27284121 -0.24131230 -0.20975236 -0.18457042 -0.15939252 -0.13972676 -0.11837141 -0.10178128 -0.08241287 -0.06747385 -0.04907213 -0.03500376 -0.01717519 -0.00378808 0.01337297 0.02589850 0.04204385 0.05356170 0.06850421 0.07897890 0.09262700 0.10208642 0.11443191 0.12300185 0.13418183 0.14217916 0.15270216 0.16117544 0.17307688 0.18614834 0.20754452 0.24081664 0.30051558 0.40465178 0.58368849 0.85176898  1;
0 -0.02185551 -0.06170728 -0.10011850 -0.13800655 -0.17788549 -0.21838049 -0.26019692 -0.29726223 -0.32672220 -0.33910391 -0.33430654 -0.31040130 -0.27878894 -0.24298054 -0.21281738 -0.18402711 -0.16178972 -0.13892363 -0.12124611 -0.10129810 -0.08595057 -0.06739736 -0.05318652 -0.03525632 -0.02165660 -0.00417763 0.00880572 0.02555669 0.03765961 0.05335927 0.06451025 0.07904221 0.08923469 0.10252348 0.11182109 0.12393427 0.13255396 0.14378572 0.15235265 0.16383755 0.17462296 0.19076537 0.21228588 0.24904079 0.31001424 0.41646226 0.59483739 0.85828025  1;
0 -0.02172721 -0.06092524 -0.09780507 -0.13524585 -0.17353177 -0.21485733 -0.25602400 -0.29606866 -0.32633811 -0.34324288 -0.33861891 -0.31743138 -0.28264735 -0.24773071 -0.21352671 -0.18687004 -0.16130403 -0.14172373 -0.12077944 -0.10463630 -0.08580025 -0.07133196 -0.05340462 -0.03971565 -0.02219600 -0.00897471 0.00813256 0.02068227 0.03693853 0.04861096 0.06383927 0.07465897 0.08875177 0.09868760 0.11163801 0.12085902 0.13283566 0.14173221 0.15339773 0.16328507 0.17709987 0.19272349 0.21758061 0.25526110 0.31987040 0.42669791 0.60415144 0.86474651  1;
0 -0.02122986 -0.05874252 -0.09446755 -0.12985456 -0.16786169 -0.20761320 -0.25032132 -0.29037830 -0.32489977 -0.34345135 -0.34388468 -0.32225299 -0.28946134 -0.25070762 -0.21770712 -0.18732610 -0.16440333 -0.14155692 -0.12405332 -0.10453824 -0.08954395 -0.07150418 -0.05768877 -0.04025122 -0.02697558 -0.00981868 0.00300423 0.01959344 0.03167696 0.04738538 0.05866286 0.07343868 0.08390103 0.09755164 0.10731593 0.11998988 0.12928468 0.14137030 0.15101276 0.16393443 0.17665182 0.19545413 0.22054000 0.26190815 0.32831563 0.43783281 0.61109753 0.87018218  1;
0 -0.02017439 -0.05581990 -0.08916320 -0.12338379 -0.15912140 -0.19897344 -0.24039556 -0.28306854 -0.31872611 -0.34305274 -0.34581174 -0.32913004 -0.29475748 -0.25729648 -0.22016572 -0.19144821 -0.16500219 -0.14509889 -0.12425815 -0.10826262 -0.08978088 -0.07562377 -0.05817864 -0.04486959 -0.02785055 -0.01495997 0.00172078 0.01406609 0.03006786 0.04170270 0.05685322 0.06778881 0.08197560 0.09216354 0.10547255 0.11514411 0.12770755 0.13739664 0.15010425 0.16143084 0.17721958 0.19556405 0.22406605 0.26642536 0.33705112 0.44929036 0.61838255 0.87228414  1;
0 -0.01879186 -0.05165293 -0.08306065 -0.11458882 -0.14933107 -0.18683822 -0.22893851 -0.27100839 -0.31085608 -0.33788152 -0.34783850 -0.33349778 -0.30316202 -0.26279074 -0.22657024 -0.19373688 -0.16937562 -0.14602352 -0.12826748 -0.10883642 -0.09391419 -0.07620402 -0.06267259 -0.04573208 -0.03285638 -0.01628762 -0.00384968 0.01228176 0.02411157 0.03949908 0.05068149 0.06524544 0.07578913 0.08948815 0.09953379 0.11250054 0.12236896 0.13515736 0.14585314 0.16019916 0.17494253 0.19648503 0.22521391 0.27105460 0.34329889 0.46199560 0.62892624 0.86933823  1;
0 -0.01694638 -0.04698233 -0.07537039 -0.10512357 -0.13694670 -0.17365934 -0.21349254 -0.25715714 -0.29766835 -0.33097798 -0.34531804 -0.33891814 -0.30994588 -0.27218859 -0.23200514 -0.20008998 -0.17177407 -0.15079938 -0.12958931 -0.11329291 -0.09487139 -0.08073802 -0.06365459 -0.05063746 -0.03419424 -0.02175123 -0.00569762 0.00625248 0.02171472 0.03303163 0.04776933 0.05850814 0.07247830 0.08272174 0.09601424 0.10601911 0.11897433 0.12939101 0.14311071 0.15593322 0.17374342 0.19487436 0.22691258 0.27331967 0.34803033 0.47120857 0.64651214 0.86256774  1;
0 -0.01490758 -0.04141437 -0.06733182 -0.09392555 -0.12408180 -0.15760669 -0.19689686 -0.23868365 -0.28224640 -0.31816365 -0.34114514 -0.34032840 -0.31887999 -0.28070876 -0.24180155 -0.20540696 -0.17826298 -0.15350808 -0.13483278 -0.11505546 -0.09977245 -0.08213155 -0.06862136 -0.05211214 -0.03957005 -0.02366461 -0.01165200 0.00377204 0.01515020 0.02990932 0.04071995 0.05479357 0.06513275 0.07856990 0.08864284 0.10168593 0.11197934 0.12535574 0.13712062 0.15296222 0.16985246 0.19416686 0.22641759 0.27591908 0.34936843 0.47341077 0.66756926 0.85940140  1;
0 -0.01258739 -0.03573124 -0.05828838 -0.08269225 -0.10941823 -0.14123646 -0.17706549 -0.21875537 -0.26135609 -0.30245468 -0.33051390 -0.34039622 -0.32463358 -0.29243573 -0.25118864 -0.21526009 -0.18359462 -0.16031917 -0.13799602 -0.12080696 -0.10203704 -0.08750967 -0.07053892 -0.05756684 -0.04163298 -0.02955514 -0.01423633 -0.00278961 0.01192579 0.02274227 0.03677235 0.04710481 0.06054307 0.07058206 0.08361587 0.09374243 0.10688704 0.11799614 0.13264298 0.14707411 0.16705928 0.19115913 0.22675603 0.27712328 0.35133347 0.46490863 0.68079467 0.87090135  1;
0 -0.01027105 -0.02961555 -0.04948143 -0.07051293 -0.09508886 -0.12302055 -0.15699434 -0.19507649 -0.23840723 -0.28015651 -0.31614263 -0.33364244 -0.32967032 -0.30196683 -0.26460299 -0.22489804 -0.19347040 -0.16589358 -0.14528830 -0.12454532 -0.10834883 -0.09037036 -0.07646199 -0.06012564 -0.04765903 -0.03233922 -0.02076142 -0.00613376 0.00475029 0.01866917 0.02893803 0.04224855 0.05217291 0.06506827 0.07498361 0.08786285 0.09845056 0.11228856 0.12515434 0.14247025 0.16169826 0.18907684 0.22527556 0.27973580 0.35584787 0.45526990 0.66517055 0.90474785  1;
0 -0.00789219 -0.02382802 -0.04033412 -0.05903331 -0.07995867 -0.10552501 -0.13502297 -0.17109335 -0.21095203 -0.25479545 -0.29377521 -0.32224697 -0.32785797 -0.31167781 -0.27673972 -0.23904590 -0.20314525 -0.17595487 -0.15134709 -0.13245167 -0.11278349 -0.09731933 -0.08004160 -0.06668679 -0.05099439 -0.03903697 -0.02438979 -0.01331719 0.00052824 0.01080275 0.02392603 0.03369536 0.04634688 0.05599598 0.06853450 0.07862938 0.09179638 0.10351430 0.11904703 0.13515315 0.15736212 0.18472588 0.22445780 0.28098793 0.36643432 0.45922931 0.62209509 0.94277020  1;
0 -0.00571611 -0.01807316 -0.03199921 -0.04742322 -0.06604767 -0.08745137 -0.11417146 -0.14512776 -0.18291344 -0.22383261 -0.26687416 -0.30124063 -0.32063747 -0.31489832 -0.29002103 -0.25257726 -0.21749242 -0.18575794 -0.16182355 -0.13921127 -0.12142308 -0.10258374 -0.08772875 -0.07112714 -0.05829864 -0.04327704 -0.03183079 -0.01789490 -0.00743345 0.00561590 0.01530016 0.02766988 0.03703813 0.04916621 0.05876908 0.07127861 0.08204980 0.09622376 0.11013187 0.12890119 0.15051793 0.18099222 0.22134821 0.28134736 0.37627678 0.48996498 0.58342598 0.94749424  1;
0 -0.00366682 -0.01302171 -0.02391199 -0.03715900 -0.05230015 -0.07117694 -0.09306649 -0.12070189 -0.15275645 -0.19171180 -0.23285683 -0.27377992 -0.30214777 -0.31222424 -0.29742329 -0.26801729 -0.23154833 -0.20015326 -0.17198120 -0.15031617 -0.12906667 -0.11207277 -0.09397111 -0.07967480 -0.06375819 -0.05144896 -0.03713291 -0.02621817 -0.01301968 -0.00317057 0.00905878 0.01823474 0.02994619 0.03908442 0.05093247 0.06085960 0.07387008 0.08608594 0.10236812 0.12004056 0.14432465 0.17476849 0.21810377 0.27753437 0.37775922 0.53735556 0.58794283 0.89964313  1;
0 -0.00195885 -0.00835218 -0.01705404 -0.02741133 -0.04046460 -0.05546426 -0.07443241 -0.09648551 -0.12459055 -0.15725937 -0.19675010 -0.23725300 -0.27495208 -0.29675528 -0.29870248 -0.27816061 -0.24786742 -0.21426038 -0.18647494 -0.16105250 -0.14095791 -0.12074963 -0.10442208 -0.08704760 -0.07329545 -0.05808563 -0.04629416 -0.03270345 -0.02230720 -0.00991126 -0.00061053 0.01085728 0.01965795 0.03089217 0.04007707 0.05203691 0.06285391 0.07716692 0.09195844 0.11194473 0.13562944 0.16870797 0.21245656 0.27210960 0.36234506 0.56452767 0.66251991 0.81463881  1;
0 -0.00048833 -0.00460021 -0.01082857 -0.01939573 -0.02946447 -0.04227733 -0.05689663 -0.07554082 -0.09727876 -0.12530520 -0.15802451 -0.19734951 -0.23639023 -0.27018829 -0.28587055 -0.28199122 -0.25913420 -0.23046909 -0.20039395 -0.17570878 -0.15240867 -0.13351061 -0.11424204 -0.09856175 -0.08194770 -0.06874751 -0.05427080 -0.04299213 -0.03013623 -0.02022344 -0.00860189 0.00023912 0.01108389 0.01971692 0.03076185 0.04040814 0.05306514 0.06559420 0.08236592 0.10133398 0.12724756 0.16018404 0.20708045 0.26673209 0.33800047 0.52794964 0.78722116 0.74239936  1;
0 0.00059160 -0.00140372 -0.00600665 -0.01225147 -0.02067982 -0.03031094 -0.04256445 -0.05639806 -0.07420546 -0.09508595 -0.12241572 -0.15453231 -0.19292163 -0.22980737 -0.25959664 -0.27051514 -0.26360676 -0.24128929 -0.21568619 -0.18920184 -0.16715588 -0.14566069 -0.12785365 -0.10956943 -0.09458923 -0.07880013 -0.06617774 -0.05246107 -0.04168130 -0.02953552 -0.02004549 -0.00908859 -0.00055536 0.00988486 0.01865362 0.02992879 0.04062624 0.05480976 0.07020935 0.09106285 0.11637376 0.15129519 0.19948841 0.26695378 0.32345852 0.43726362 0.85027813 0.75879985  1;
0 0.00140801 0.00084329 -0.00196490 -0.00691119 -0.01300512 -0.02102903 -0.02990964 -0.04120116 -0.05381757 -0.07026824 -0.08972610 -0.11566767 -0.14640872 -0.18301426 -0.21722202 -0.24343333 -0.25148886 -0.24422861 -0.22450783 -0.20270901 -0.17975938 -0.16016249 -0.14046342 -0.12385445 -0.10671240 -0.09255265 -0.07768915 -0.06569343 -0.05276296 -0.04245878 -0.03097286 -0.02180266 -0.01132012 -0.00287598 0.00747409 0.01678562 0.02887051 0.04141239 0.05827240 0.07818364 0.10527022 0.13944985 0.18925659 0.26806187 0.34214712 0.36192896 0.73749942 0.88667742  1;
0 0.00186333 0.00251820 0.00072869 -0.00251770 -0.00746584 -0.01310351 -0.02038506 -0.02819354 -0.03815632 -0.04918207 -0.06380414 -0.08127730 -0.10506480 -0.13351963 -0.16740238 -0.19853481 -0.22189572 -0.22902421 -0.22356116 -0.20780145 -0.19026847 -0.17096852 -0.15396924 -0.13633892 -0.12122826 -0.10550633 -0.09237757 -0.07859832 -0.06732081 -0.05521916 -0.04537288 -0.03447617 -0.02549091 -0.01522266 -0.00657007 0.00408059 0.01446757 0.02808082 0.04352370 0.06475504 0.09149932 0.12660455 0.17256054 0.25727849 0.38231167 0.36813880 0.53333439 0.99599705  1;
0 0.00209192 0.00335508 0.00267827 0.00025114 -0.00300588 -0.00758071 -0.01246439 -0.01871211 -0.02520931 -0.03358058 -0.04275389 -0.05517176 -0.07014625 -0.09098087 -0.11613182 -0.14625514 -0.17389338 -0.19502735 -0.20270108 -0.20045178 -0.18950700 -0.17666569 -0.16139849 -0.14747564 -0.13245238 -0.11935095 -0.10548827 -0.09374189 -0.08130948 -0.07092808 -0.05975487 -0.05039264 -0.04002688 -0.03109588 -0.02078390 -0.01150491 -0.00013846 0.01190485 0.02788149 0.04783296 0.07639606 0.11185243 0.15272798 0.22421305 0.39064273 0.46619379 0.41025561 0.95577092  1;
0 0.00203325 0.00372262 0.00350186 0.00218593 -0.00035150 -0.00324841 -0.00714444 -0.01106409 -0.01609649 -0.02116722 -0.02782322 -0.03502953 -0.04501828 -0.05711046 -0.07427840 -0.09512618 -0.12040167 -0.14392646 -0.16292824 -0.17174499 -0.17324723 -0.16749688 -0.15973189 -0.14907141 -0.13895344 -0.12731583 -0.11697305 -0.10562736 -0.09582866 -0.08519786 -0.07607715 -0.06607100 -0.05733769 -0.04755882 -0.03864330 -0.02812912 -0.01775732 -0.00527780 0.00873477 0.02809831 0.05637048 0.09649588 0.13453538 0.17933406 0.33109902 0.55776320 0.43013685 0.81282234  1;
0 0.00181440 0.00345986 0.00376067 0.00284840 0.00142865 -0.00082103 -0.00310613 -0.00613393 -0.00900786 -0.01276944 -0.01643369 -0.02139455 -0.02668227 -0.03421381 -0.04327691 -0.05634370 -0.07216168 -0.09164415 -0.11020963 -0.12640866 -0.13582856 -0.14053863 -0.13965816 -0.13699836 -0.13139739 -0.12581729 -0.11844741 -0.11179263 -0.10386524 -0.09689062 -0.08881853 -0.08159871 -0.07332070 -0.06582165 -0.05706257 -0.04822891 -0.03732174 -0.02566003 -0.01248315 0.00286847 0.02931026 0.07441183 0.12187614 0.14381108 0.23016788 0.51224705 0.55097597 0.68143915  1;
0 0.00141216 0.00290656 0.00324664 0.00294022 0.00189710 0.00072568 -0.00098979 -0.00255614 -0.00466502 -0.00653086 -0.00909452 -0.01148595 -0.01489708 -0.01845680 -0.02370465 -0.02989637 -0.03889616 -0.04956015 -0.06285503 -0.07574581 -0.08795406 -0.09639615 -0.10256201 -0.10511565 -0.10663306 -0.10578486 -0.10488510 -0.10229565 -0.10009547 -0.09653247 -0.09339706 -0.08891029 -0.08484310 -0.07962066 -0.07443163 -0.06757035 -0.05976906 -0.04871452 -0.03649358 -0.02572684 -0.00897156 0.03680528 0.10287883 0.12971313 0.14337922 0.34714481 0.61659998 0.63490184  1;
0 0.00095024 0.00202309 0.00245964 0.00226229 0.00184669 0.00101624 0.00026281 -0.00083357 -0.00171070 -0.00297647 -0.00399022 -0.00551802 -0.00686154 -0.00894945 -0.01106333 -0.01434207 -0.01807746 -0.02353248 -0.02969021 -0.03737301 -0.04472047 -0.05216502 -0.05787183 -0.06304345 -0.06647060 -0.06982628 -0.07188653 -0.07428195 -0.07565232 -0.07752891 -0.07839291 -0.07960807 -0.07973411 -0.07993515 -0.07903626 -0.07917590 -0.07798970 -0.07123036 -0.05923271 -0.05514794 -0.05359990 -0.02159890 0.05746252 0.11134274 0.10209104 0.19180607 0.50328563 0.65506549  1;
0 0.00046662 0.00113446 0.00138928 0.00141512 0.00114541 0.00088141 0.00040781 0.00007464 -0.00046625 -0.00080778 -0.00140507 -0.00179806 -0.00253060 -0.00309644 -0.00413926 -0.00513211 -0.00681758 -0.00863277 -0.01133589 -0.01415640 -0.01767031 -0.02081281 -0.02414684 -0.02669839 -0.02936516 -0.03135732 -0.03373627 -0.03568109 -0.03825011 -0.04055559 -0.04368344 -0.04675301 -0.05051287 -0.05343172 -0.05707806 -0.06333659 -0.07239527 -0.07498490 -0.06996459 -0.07219371 -0.08662909 -0.07904978 -0.02229877 0.05210619 0.06914741 0.09395447 0.29789492 0.63007486  1;
0 0.00011348 0.00035483 0.00048855 0.00047713 0.00044846 0.00032256 0.00025884 0.00010477 0.00005147 -0.00010792 -0.00014754 -0.00031937 -0.00036602 -0.00057976 -0.00068017 -0.00099902 -0.00123968 -0.00177158 -0.00226627 -0.00308986 -0.00383063 -0.00481824 -0.00557799 -0.00648160 -0.00708617 -0.00784900 -0.00834050 -0.00904669 -0.00951597 -0.01023097 -0.01071281 -0.01149436 -0.01229925 -0.01385037 -0.01551606 -0.01759987 -0.02185061 -0.03284867 -0.04783590 -0.05527940 -0.05501181 -0.07173653 -0.09294571 -0.03815443 0.03113307 0.03291491 0.10756211 0.40683595  1;
0 0.00000000 0.00000000 0.00000000 0.00000000 0.00000000 0.00000000 0.00000000 0.00000000 0.00000000 0.00000000 0.00000000 0.00000000 0.00000000 0.00000000 0.00000000 0.00000000 0.00000000 0.00000000 0.00000000 0.00000000 0.00000000 0.00000000 0.00000000 0.00000000 0.00000000 0.00000000 0.00000000 0.00000000 0.00000000 0.00000000 0.00000000 0.00000000 0.00000000 0.00000000 0.00000000 0.00000000 0.00000000 0.00000000 0.00000000 0.00000000 0.00000000 0.00000000 0.00000000 0.00000000 0.00000000 0.00000000 0.00000000 0.00000000  1;
]

V=[0 0 0 0 0 0 0 0 0 0 0 0 0 0 0 0 0 0 0 0 0 0 0 0 0 0 0 0 0 0 0 0 0 0 0 0 0 0 0 0 0 0 0 0 0 0 0 0 0 ;
0.00000000 -0.00027859 -0.00078872 -0.00117407 -0.00122732 -0.00071923 0.00040556 0.00228121 0.00479759 0.00797631 0.01156075 0.01551316 0.01951497 0.02355266 0.02731792 0.03086595 0.03392598 0.03662770 0.03873754 0.04044721 0.04154881 0.04227317 0.04241622 0.04225307 0.04161342 0.04078466 0.03959123 0.03831495 0.03677527 0.03524416 0.03354153 0.03192700 0.03022744 0.02868960 0.02715639 0.02586629 0.02469424 0.02388359 0.02336799 0.02347688 0.02439354 0.02679064 0.03149926 0.04027457 0.05604009 0.08419025 0.12972195 0.16866120 0.00000000 ;
0.00000000 -0.00050639 -0.00117751 -0.00150231 -0.00090604 0.00080912 0.00406463 0.00869559 0.01491522 0.02219878 0.03061415 0.03942281 0.04871144 0.05769198 0.06658140 0.07462239 0.08219040 0.08857534 0.09429552 0.09867954 0.10236005 0.10470013 0.10643241 0.10691168 0.10689554 0.10576663 0.10431533 0.10193406 0.09941437 0.09616274 0.09295525 0.08922457 0.08572084 0.08192063 0.07854683 0.07515015 0.07244923 0.07014078 0.06903369 0.06912442 0.07150770 0.07682312 0.08688712 0.10321092 0.12694119 0.15338483 0.16540798 0.13372476 0.00000000 ;
0.00000000 -0.00044109 -0.00091989 -0.00064002 0.00076661 0.00397426 0.00889285 0.01598236 0.02463499 0.03510338 0.04639409 0.05874137 0.07099464 0.08354442 0.09522305 0.10663744 0.11664481 0.12605771 0.13375859 0.14073114 0.14587476 0.15030171 0.15292025 0.15495573 0.15530862 0.15522639 0.15363155 0.15179390 0.14865680 0.14548354 0.14125697 0.13721262 0.13239761 0.12800749 0.12318865 0.11910321 0.11505820 0.11223617 0.11023115 0.11032295 0.11243327 0.11784576 0.12635103 0.13774364 0.14869763 0.15359613 0.14169242 0.09236330 0.00000000 ;
0.00000000 -0.00029047 -0.00025391 0.00065207 0.00326239 0.00762650 0.01442898 0.02311059 0.03413184 0.04638417 0.06025683 0.07434227 0.08918690 0.10329306 0.11747078 0.13020865 0.14257941 0.15306842 0.16297177 0.17076607 0.17792292 0.18290780 0.18731774 0.18960843 0.19147380 0.19137072 0.19101719 0.18888848 0.18670632 0.18298532 0.17942241 0.17460317 0.17017555 0.16483424 0.16016589 0.15502353 0.15093587 0.14696917 0.14458795 0.14304432 0.14350855 0.14499453 0.14763855 0.14934603 0.14830154 0.14006169 0.11793567 0.06889325 0.00000000 ;
0.00000000 -0.00004902 0.00042799 0.00230412 0.00579503 0.01174313 0.01972312 0.03039377 0.04265243 0.05704045 0.07198748 0.08816252 0.10380316 0.11988215 0.13457682 0.14918438 0.16184445 0.17413456 0.18415288 0.19370094 0.20083363 0.20752041 0.21177929 0.21568763 0.21726714 0.21866451 0.21789232 0.21711806 0.21438437 0.21184063 0.20759489 0.20374353 0.19850200 0.19388348 0.18825377 0.18351431 0.17820907 0.17406218 0.16973603 0.16661266 0.16330782 0.16053051 0.15655861 0.15115392 0.14188038 0.12649371 0.09946985 0.05438451 0.00000000 ;
0.00000000 0.00012229 0.00126055 0.00379267 0.00862293 0.01551129 0.02527188 0.03691257 0.05112097 0.06626957 0.08311339 0.09968566 0.11706056 0.13315389 0.14943556 0.16375225 0.17792253 0.18971703 0.20123439 0.21016506 0.21882198 0.22482358 0.23063766 0.23383189 0.23696306 0.23759687 0.23833460 0.23675426 0.23544830 0.23204642 0.22909150 0.22431045 0.22015155 0.21448234 0.20960797 0.20356189 0.19843128 0.19238677 0.18715303 0.18096605 0.17504729 0.16768009 0.15948973 0.14862543 0.13473290 0.11487972 0.08601438 0.04451506 0.00000000 ;
0.00000000 0.00036483 0.00191342 0.00549360 0.01107505 0.01955501 0.03012727 0.04360749 0.05843057 0.07542357 0.09249242 0.11074288 0.12786730 0.14543587 0.16104834 0.17671083 0.18991908 0.20302798 0.21341478 0.22370303 0.23115640 0.23859655 0.24319496 0.24790618 0.24984236 0.25203411 0.25160128 0.25157072 0.24910176 0.24718032 0.24304631 0.23959152 0.23418469 0.22956205 0.22325518 0.21776923 0.21080290 0.20453210 0.19680132 0.18933476 0.18014418 0.17044464 0.15844114 0.14475665 0.12733454 0.10521102 0.07575065 0.03752822 0.00000000 ;
0.00000000 0.00050276 0.00273248 0.00687163 0.01381019 0.02297120 0.03524882 0.04924587 0.06586837 0.08301418 0.10177681 0.11966621 0.13825975 0.15494176 0.17183367 0.18620548 0.20061641 0.21218524 0.22380518 0.23243661 0.24122226 0.24698301 0.25303698 0.25610363 0.25960596 0.26022244 0.26140700 0.25985879 0.25899978 0.25559268 0.25297598 0.24802496 0.24392513 0.23771119 0.23233908 0.22503244 0.21843364 0.20996965 0.20189448 0.19186454 0.18167578 0.16924468 0.15580098 0.13937566 0.12034255 0.09680810 0.06787659 0.03218163 0.00000000 ;
0.00000000 0.00074764 0.00332660 0.00852430 0.01601644 0.02669561 0.03939354 0.05508173 0.07179326 0.09062326 0.10898615 0.12837733 0.14598033 0.16393356 0.17931828 0.19483176 0.20738875 0.22010288 0.22968852 0.23956924 0.24626769 0.25343216 0.25743039 0.26205888 0.26358621 0.26587798 0.26518491 0.26535759 0.26269536 0.26097944 0.25660203 0.25320614 0.24733400 0.24240959 0.23517423 0.22875282 0.22012541 0.21204552 0.20177082 0.19162571 0.17917675 0.16624959 0.15070545 0.13372696 0.11342274 0.09000200 0.06139633 0.02816472 0.00000000 ;
0.00000000 0.00087345 0.00414852 0.00977143 0.01854627 0.02955450 0.04376618 0.05945335 0.07775215 0.09614295 0.11601501 0.13438019 0.15326973 0.16958728 0.18607930 0.19950438 0.21313736 0.22350678 0.23427026 0.24171175 0.24976928 0.25451152 0.26007207 0.26236084 0.26562744 0.26569547 0.26683780 0.26490305 0.26410587 0.26037016 0.25779450 0.25243517 0.24819099 0.24131623 0.23542650 0.22703123 0.21938770 0.20931348 0.19964469 0.18755688 0.17540618 0.16075676 0.14541260 0.12729500 0.10739994 0.08369841 0.05619280 0.02480669 0.00000000 ;
0.00000000 0.00113556 0.00469731 0.01132455 0.02035878 0.03266396 0.04677785 0.06386173 0.08163787 0.10146044 0.12028954 0.13994833 0.15714564 0.17454890 0.18878752 0.20322330 0.21425782 0.22572965 0.23374895 0.24249832 0.24780851 0.25410970 0.25700569 0.26108905 0.26181340 0.26384573 0.26259856 0.26270932 0.25965012 0.25796427 0.25323365 0.24982943 0.24351834 0.23840895 0.23052595 0.22363399 0.21408197 0.20522098 0.19378636 0.18265775 0.16900943 0.15518318 0.13879395 0.12148977 0.10115826 0.07841615 0.05153930 0.02221204 0.00000000 ;
0.00000000 0.00125494 0.00549221 0.01233301 0.02243528 0.03457917 0.04984812 0.06629244 0.08530891 0.10403496 0.12411049 0.14207143 0.16034061 0.17539664 0.19058237 0.20222055 0.21426937 0.22273310 0.23198990 0.23770113 0.24454899 0.24789322 0.25262908 0.25389201 0.25670440 0.25607922 0.25706094 0.25468426 0.25392074 0.24989394 0.24743536 0.24182967 0.23767428 0.23050245 0.22458657 0.21578797 0.20797541 0.19741130 0.18749514 0.17495479 0.16265660 0.14782636 0.13268712 0.11488874 0.09574599 0.07315595 0.04766264 0.01983507 0.00000000 ;
0.00000000 0.00152186 0.00592773 0.01359910 0.02353451 0.03659288 0.05112452 0.06853356 0.08633975 0.10615522 0.12452893 0.14353714 0.15944228 0.17539439 0.18764835 0.20020337 0.20902371 0.21863041 0.22458989 0.23178904 0.23541442 0.24061833 0.24227949 0.24572852 0.24563875 0.24742708 0.24570807 0.24586441 0.24258017 0.24112722 0.23632102 0.23323593 0.22691430 0.22213167 0.21425095 0.20765923 0.19812405 0.18956755 0.17823636 0.16751977 0.15419700 0.14103765 0.12533995 0.10906728 0.08988090 0.06869816 0.04394717 0.01799389 0.00000000 ;
0.00000000 0.00161129 0.00658311 0.01413679 0.02477580 0.03706908 0.05227444 0.06833912 0.08695486 0.10500283 0.12432963 0.14101259 0.15778605 0.17075835 0.18383911 0.19300220 0.20285255 0.20893977 0.21630658 0.22004495 0.22551592 0.22741317 0.23132804 0.23165945 0.23414355 0.23301775 0.23405256 0.23151076 0.23107935 0.22712414 0.22517555 0.21979385 0.21624660 0.20939579 0.20414329 0.19574907 0.18866042 0.17862019 0.16954446 0.15772741 0.14647517 0.13265903 0.11884136 0.10238396 0.08484702 0.06400825 0.04080074 0.01614738 0.00000000 ;
0.00000000 0.00184538 0.00677347 0.01484826 0.02478512 0.03750281 0.05128111 0.06781343 0.08452626 0.10329533 0.12031488 0.13783084 0.15167516 0.16541872 0.17502593 0.18510448 0.19126397 0.19865363 0.20235603 0.20789147 0.20984934 0.21402996 0.21462881 0.21764605 0.21701670 0.21884862 0.21700521 0.21756427 0.21446698 0.21367091 0.20927267 0.20701224 0.20125703 0.19741396 0.19023147 0.18468064 0.17598731 0.16859832 0.15829789 0.14892785 0.13688268 0.12529455 0.11114238 0.09664503 0.07923078 0.06005504 0.03762309 0.01475052 0.00000000 ;
0.00000000 0.00186351 0.00714050 0.01466037 0.02483639 0.03614518 0.05007283 0.06456810 0.08164346 0.09802537 0.11573842 0.13042581 0.14503021 0.15533212 0.16576791 0.17205732 0.17940487 0.18297490 0.18839869 0.19024982 0.19448399 0.19517476 0.19853038 0.19826111 0.20074932 0.19950883 0.20097711 0.19869630 0.19901637 0.19559796 0.19462411 0.18998445 0.18757309 0.18163242 0.17764951 0.17032883 0.16464811 0.15586725 0.14836570 0.13802923 0.12854588 0.11644542 0.10457168 0.09000594 0.07450808 0.05573471 0.03493275 0.01322278 0.00000000 ;
0.00000000 0.00201686 0.00694712 0.01458231 0.02348082 0.03469623 0.04653707 0.06100733 0.07554297 0.09230113 0.10721235 0.12261928 0.13392776 0.14503309 0.15168789 0.15906531 0.16250480 0.16770606 0.16932345 0.17341447 0.17402074 0.17749835 0.17741416 0.18035823 0.17958971 0.18184084 0.18028421 0.18162949 0.17913746 0.17939559 0.17584430 0.17483686 0.17012585 0.16769792 0.16174151 0.15775886 0.15048070 0.14482375 0.13614690 0.12868811 0.11848312 0.10897006 0.09682520 0.08447547 0.06913269 0.05215509 0.03210353 0.01211565 0.00000000 ;
0.00000000 0.00191917 0.00689713 0.01349323 0.02214362 0.03134608 0.04283938 0.05465271 0.06913114 0.08297138 0.09838533 0.11064478 0.12277870 0.13024933 0.13794342 0.14141675 0.14640039 0.14773788 0.15154100 0.15191651 0.15530662 0.15522621 0.15840678 0.15794416 0.16078814 0.15981000 0.16203776 0.16036915 0.16174997 0.15921217 0.15952874 0.15599132 0.15505933 0.15042161 0.14808962 0.14227018 0.13841103 0.13133759 0.12583305 0.11741267 0.11008827 0.10007488 0.09044558 0.07802427 0.06473675 0.04813528 0.02973118 0.01078380 0.00000000 ;
0.00000000 0.00194705 0.00622437 0.01250372 0.01934008 0.02797498 0.03681275 0.04815733 0.05954781 0.07345748 0.08570570 0.09870399 0.10744438 0.11598551 0.11990986 0.12487132 0.12601620 0.12948089 0.12954593 0.13268015 0.13244408 0.13564052 0.13529481 0.13849451 0.13792222 0.14085144 0.13985679 0.14219951 0.14055447 0.14206348 0.13960018 0.14005762 0.13665448 0.13588511 0.13144927 0.12931060 0.12376582 0.12013483 0.11340123 0.10813593 0.10005401 0.09284180 0.08290265 0.07282986 0.05965068 0.04489670 0.02715879 0.00984496 0.00000000 ;
0.00000000 0.00169831 0.00568951 0.01047396 0.01662546 0.02274553 0.03081201 0.03898617 0.04994103 0.06049360 0.07311205 0.08284074 0.09268154 0.09773151 0.10316180 0.10442095 0.10764875 0.10743112 0.11021972 0.10972496 0.11274951 0.11234981 0.11567458 0.11532359 0.11871703 0.11820486 0.12130968 0.12039847 0.12292225 0.12139418 0.12308872 0.12079884 0.12146262 0.11830299 0.11777304 0.11365796 0.11179798 0.10664778 0.10332264 0.09701792 0.09200409 0.08422016 0.07691644 0.06669737 0.05563046 0.04119346 0.02507282 0.00860078 0.00000000 ;
0.00000000 0.00157105 0.00451746 0.00860152 0.01250814 0.01767848 0.02264510 0.02997100 0.03738386 0.04771852 0.05691357 0.06750484 0.07413463 0.08077868 0.08279304 0.08614240 0.08584057 0.08831513 0.08754957 0.09028386 0.08970742 0.09295202 0.09263888 0.09624351 0.09601667 0.09966221 0.09929593 0.10262045 0.10185704 0.10459629 0.10326575 0.10519418 0.10317307 0.10410512 0.10129496 0.10107600 0.09739065 0.09587851 0.09121304 0.08822314 0.08235349 0.07747512 0.06976123 0.06193415 0.05089011 0.03833278 0.02282743 0.00778996 0.00000000 ;
0.00000000 0.00115786 0.00351920 0.00575475 0.00864706 0.01093796 0.01479605 0.01854632 0.02517456 0.03178642 0.04122968 0.04858079 0.05674659 0.06036342 0.06456485 0.06467402 0.06706334 0.06614895 0.06857806 0.06778704 0.07080829 0.07039548 0.07399405 0.07387472 0.07780231 0.07776748 0.08166670 0.08148014 0.08504270 0.08449323 0.08748467 0.08643901 0.08865428 0.08700042 0.08826371 0.08590590 0.08606143 0.08289608 0.08177019 0.07762380 0.07491036 0.06934322 0.06429440 0.05620081 0.04726041 0.03497412 0.02119339 0.00680006 0.00000000 ;
0.00000000 0.00087667 0.00193580 0.00320938 0.00357859 0.00464393 0.00507026 0.00763761 0.01033917 0.01645733 0.02229009 0.03066364 0.03597827 0.04185771 0.04326332 0.04614393 0.04542758 0.04768923 0.04676001 0.04951771 0.04894594 0.05237783 0.05221560 0.05618757 0.05629748 0.06053371 0.06072675 0.06487805 0.06491849 0.06874712 0.06849606 0.07178965 0.07112513 0.07368541 0.07249968 0.07415572 0.07234180 0.07291597 0.07032331 0.06956223 0.06586989 0.06322966 0.05763637 0.05189820 0.04283939 0.03239974 0.01939902 0.00657399 0.00000000 ;
0.00000000 0.00033181 0.00063558 -0.00010702 -0.00094609 -0.00300668 -0.00398739 -0.00536144 -0.00377850 -0.00166885 0.00437420 0.00958570 0.01680597 0.02026861 0.02461242 0.02481459 0.02731723 0.02649343 0.02907928 0.02841046 0.03161403 0.03134030 0.03518383 0.03529206 0.03961620 0.03998498 0.04450363 0.04494913 0.04937795 0.04973073 0.05387985 0.05402758 0.05767979 0.05749634 0.06046445 0.05984229 0.06193948 0.06073519 0.06173189 0.05969397 0.05917176 0.05571399 0.05274854 0.04659132 0.03951515 0.02910821 0.01793397 0.00639031 0.00000000 ;
0.00000000 -0.00002946 -0.00111951 -0.00292803 -0.00640059 -0.00984743 -0.01448089 -0.01735034 -0.02004738 -0.01873570 -0.01648990 -0.01009202 -0.00534256 0.00098828 0.00307478 0.00663582 0.00644411 0.00917096 0.00859112 0.01166325 0.01131989 0.01498080 0.01499543 0.01922434 0.01960618 0.02426748 0.02492332 0.02973135 0.03050070 0.03526891 0.03604740 0.04058127 0.04122201 0.04529666 0.04569795 0.04912776 0.04914301 0.05170380 0.05112396 0.05247245 0.05085632 0.05029267 0.04665651 0.04277450 0.03538263 0.02642702 0.01553498 0.00660354 0.00000000 ;
0.00000000 -0.00060136 -0.00248524 -0.00632836 -0.01102071 -0.01759332 -0.02374363 -0.03073996 -0.03494679 -0.03806537 -0.03598687 -0.03278565 -0.02570925 -0.02134210 -0.01572924 -0.01437164 -0.01090939 -0.01099220 -0.00780689 -0.00804188 -0.00448420 -0.00452432 -0.00045476 -0.00015831 0.00443610 0.00511121 0.01008205 0.01108644 0.01627000 0.01748867 0.02267702 0.02398846 0.02894645 0.03019792 0.03476476 0.03582824 0.03975371 0.04044718 0.04343802 0.04341246 0.04492596 0.04344295 0.04238292 0.03799311 0.03250827 0.02314570 0.01265581 0.00531181 0.00000000 ;
0.00000000 -0.00095967 -0.00418348 -0.00899591 -0.01616148 -0.02401829 -0.03374049 -0.04239712 -0.05117114 -0.05569463 -0.05793579 -0.05397976 -0.04932202 -0.04161971 -0.03762423 -0.03238768 -0.03122363 -0.02749037 -0.02724894 -0.02358416 -0.02346298 -0.01949054 -0.01921734 -0.01478578 -0.01417928 -0.00924222 -0.00818676 -0.00281730 -0.00135092 0.00426788 0.00601362 0.01165955 0.01358960 0.01908962 0.02105727 0.02613789 0.02793119 0.03234707 0.03369017 0.03699250 0.03732727 0.03867539 0.03688574 0.03477600 0.02908540 0.02125379 0.00913890 0.00223868 0.00000000 ;
0.00000000 -0.00148387 -0.00536232 -0.01195462 -0.02007440 -0.03073747 -0.04181695 -0.05452283 -0.06515286 -0.07464238 -0.07801300 -0.07797371 -0.07143647 -0.06538606 -0.05735568 -0.05366757 -0.04848450 -0.04717633 -0.04301956 -0.04239604 -0.03829008 -0.03781614 -0.03346089 -0.03283366 -0.02802881 -0.02701427 -0.02166652 -0.02011795 -0.01433325 -0.01233107 -0.00624518 -0.00386375 0.00235097 0.00499888 0.01105233 0.01378016 0.01943955 0.02195665 0.02679512 0.02866163 0.03203550 0.03239905 0.03313530 0.03056798 0.02709312 0.01993404 0.00787005 -0.00306917 0.00000000 ;
0.00000000 -0.00175420 -0.00671462 -0.01393355 -0.02406570 -0.03560418 -0.04981977 -0.06405265 -0.07930301 -0.09091654 -0.09957673 -0.10016506 -0.09685687 -0.08778441 -0.08085235 -0.07277623 -0.06923557 -0.06385539 -0.06222041 -0.05760258 -0.05658081 -0.05205772 -0.05119877 -0.04644433 -0.04538265 -0.04014579 -0.03860849 -0.03282655 -0.03071173 -0.02444241 -0.02178150 -0.01515317 -0.01202311 -0.00523971 -0.00179951 0.00487331 0.00837848 0.01454511 0.01774010 0.02282536 0.02496617 0.02804410 0.02800512 0.02769756 0.02427766 0.02043477 0.01057347 -0.00663458 0.00000000 ;
0.00000000 -0.00213608 -0.00742995 -0.01593544 -0.02649190 -0.04018670 -0.05523796 -0.07301777 -0.09013822 -0.10709100 -0.11820637 -0.12425258 -0.12080013 -0.11407997 -0.10317634 -0.09593132 -0.08789582 -0.08428538 -0.07853965 -0.07647834 -0.07139228 -0.06993647 -0.06498329 -0.06366582 -0.05846359 -0.05686555 -0.05113946 -0.04900388 -0.04271711 -0.03991935 -0.03309092 -0.02966414 -0.02243348 -0.01848084 -0.01108375 -0.00680082 0.00043816 0.00471086 0.01125734 0.01493965 0.01998539 0.02201888 0.02433459 0.02344755 0.02196965 0.01974146 0.01816176 -0.00328378 0.00000000 ;
0.00000000 -0.00223463 -0.00819242 -0.01679138 -0.02865466 -0.04252165 -0.05986811 -0.07856024 -0.09980119 -0.11921814 -0.13656892 -0.14539798 -0.14729738 -0.13941527 -0.12997878 -0.11814000 -0.11089534 -0.10279811 -0.09889924 -0.09267776 -0.09011366 -0.08453567 -0.08257417 -0.07714338 -0.07527124 -0.06956687 -0.06734705 -0.06107671 -0.05818695 -0.05132174 -0.04773779 -0.04028416 -0.03600287 -0.02812572 -0.02329099 -0.01526889 -0.01015675 -0.00242319 0.00248151 0.00919786 0.01304972 0.01764251 0.01906374 0.02005983 0.01774067 0.01662789 0.02450082 0.01163555 0.00000000 ;
0.00000000 -0.00240838 -0.00826777 -0.01751304 -0.02909244 -0.04419830 -0.06148024 -0.08265493 -0.10507653 -0.12944564 -0.15017174 -0.16627309 -0.17114488 -0.16814460 -0.15642436 -0.14534979 -0.13322048 -0.12597994 -0.11762473 -0.11324474 -0.10646208 -0.10330625 -0.09718002 -0.09460628 -0.08861978 -0.08607031 -0.07976969 -0.07677021 -0.06990351 -0.06621783 -0.05870258 -0.05423690 -0.04610304 -0.04089986 -0.03235000 -0.02661165 -0.01800414 -0.01212847 -0.00405580 0.00125315 0.00781645 0.01141573 0.01501990 0.01518376 0.01363307 0.00826626 0.01849248 0.03374051 0.00000000 ;
0.00000000 -0.00230000 -0.00834388 -0.01707870 -0.02914406 -0.04353634 -0.06193593 -0.08285579 -0.10804872 -0.13415031 -0.16101649 -0.18173644 -0.19492596 -0.19480155 -0.18717007 -0.17281076 -0.16102337 -0.14884735 -0.14141666 -0.13259457 -0.12756648 -0.12013660 -0.11627601 -0.10951539 -0.10619925 -0.09955850 -0.09619505 -0.08921032 -0.08537346 -0.07782449 -0.07323577 -0.06500804 -0.05958397 -0.05073126 -0.04456613 -0.03534927 -0.02873709 -0.01963364 -0.01314190 -0.00495214 0.00046323 0.00647742 0.00933969 0.01140326 0.00909939 -0.00069261 -0.00525019 0.03815708 0.00000000 ;
0.00000000 -0.00226186 -0.00778101 -0.01652080 -0.02757924 -0.04220473 -0.05942217 -0.08128426 -0.10610257 -0.13543441 -0.16497058 -0.19343748 -0.21274553 -0.22179854 -0.21661262 -0.20542659 -0.18966735 -0.17767195 -0.16538830 -0.15750615 -0.14803332 -0.14220442 -0.13402799 -0.12932708 -0.12182478 -0.11762700 -0.11023731 -0.10595593 -0.09821291 -0.09338968 -0.08509848 -0.07951366 -0.07052093 -0.06408270 -0.05449382 -0.04736240 -0.03752342 -0.03011781 -0.02066279 -0.01374924 -0.00569910 -0.00048042 0.00465226 0.00654077 0.00715723 -0.00348090 -0.03367947 0.00463350 0.00000000 ;
0.00000000 -0.00197799 -0.00726465 -0.01497584 -0.02577521 -0.03885137 -0.05594809 -0.07610033 -0.10162041 -0.13055769 -0.16403107 -0.19657312 -0.22563525 -0.24240135 -0.24692011 -0.23755065 -0.22419392 -0.20793328 -0.19585155 -0.18326413 -0.17468616 -0.16441101 -0.15763302 -0.14859398 -0.14289841 -0.13452738 -0.12929278 -0.12102613 -0.11566004 -0.10712541 -0.10124560 -0.09214383 -0.08549442 -0.07569991 -0.06821688 -0.05789961 -0.04983382 -0.03945120 -0.03137153 -0.02172922 -0.01459127 -0.00688103 -0.00201239 0.00235903 0.00520934 0.00444388 -0.04349891 -0.04772061 0.00000000 ;
0.00000000 -0.00178649 -0.00624358 -0.01346842 -0.02271876 -0.03519906 -0.05014230 -0.06968358 -0.09287414 -0.12219362 -0.15537842 -0.19287192 -0.22790018 -0.25670711 -0.27045313 -0.27100419 -0.25891882 -0.24464336 -0.22838286 -0.21613570 -0.20304964 -0.19358832 -0.18239129 -0.17452201 -0.16449712 -0.15764917 -0.14827904 -0.14185969 -0.13261952 -0.12606405 -0.11661237 -0.10959984 -0.09962156 -0.09185088 -0.08123124 -0.07269532 -0.06167582 -0.05272969 -0.04189372 -0.03326154 -0.02356935 -0.01632399 -0.00901989 -0.00446696 0.00182470 0.01652156 -0.01017612 -0.08507865 0.00000000 ;
0.00000000 -0.00140765 -0.00537082 -0.01126123 -0.01975511 -0.03015806 -0.04407649 -0.06076830 -0.08268065 -0.10891823 -0.14206009 -0.17949537 -0.22079427 -0.25785961 -0.28602178 -0.29715737 -0.29511623 -0.28195914 -0.26772741 -0.25173355 -0.23922933 -0.22553642 -0.21508082 -0.20287926 -0.19379080 -0.18265681 -0.17449680 -0.16398791 -0.15622421 -0.14586944 -0.13804686 -0.12759688 -0.11937316 -0.10846789 -0.09953472 -0.08807227 -0.07848148 -0.06677992 -0.05699644 -0.04576861 -0.03666115 -0.02695654 -0.01961969 -0.01326058 -0.00873000 0.01623864 0.05232767 -0.07211973 0.00000000 ;
0.00000000 -0.00115013 -0.00416033 -0.00930626 -0.01601397 -0.02536557 -0.03665847 -0.05178423 -0.07003346 -0.09410930 -0.12323147 -0.16003631 -0.20156603 -0.24641303 -0.28532499 -0.31315247 -0.32298425 -0.32023477 -0.30760155 -0.29419393 -0.27873018 -0.26601497 -0.25175552 -0.24030000 -0.22707323 -0.21667838 -0.20433607 -0.19472332 -0.18294173 -0.17368823 -0.16209380 -0.15288538 -0.14136098 -0.13184679 -0.11995774 -0.10981402 -0.09746736 -0.08678751 -0.07436948 -0.06372811 -0.05209407 -0.04245983 -0.03250831 -0.02585455 -0.02533577 -0.01141098 0.07967895 0.01633990 0.00000000 ;
0.00000000 -0.00076297 -0.00319391 -0.00694668 -0.01270132 -0.01986147 -0.02977425 -0.04170449 -0.05773117 -0.07720185 -0.10303086 -0.13462629 -0.17466959 -0.21992315 -0.26805248 -0.30901049 -0.33757958 -0.34812964 -0.34682266 -0.33628937 -0.32455059 -0.31010403 -0.29749116 -0.28292709 -0.27062747 -0.25646803 -0.24476417 -0.23117247 -0.22001101 -0.20684984 -0.19597330 -0.18301605 -0.17227595 -0.15958071 -0.14867361 -0.13571079 -0.12425732 -0.11090902 -0.09899880 -0.08569772 -0.07407058 -0.06186237 -0.05100740 -0.03995428 -0.04176997 -0.05993735 0.01498811 0.12797836 0.00000000 ;
0.00000000 -0.00051597 -0.00203410 -0.00500320 -0.00902834 -0.01504757 -0.02240593 -0.03259904 -0.04485732 -0.06135794 -0.08152943 -0.10844537 -0.14176994 -0.18424995 -0.23253792 -0.28362736 -0.32718533 -0.35817606 -0.37191199 -0.37437775 -0.36769709 -0.35881863 -0.34631802 -0.33453803 -0.32027333 -0.30755432 -0.29276353 -0.27991100 -0.26514807 -0.25242688 -0.23782883 -0.22522412 -0.21077730 -0.19831743 -0.18430581 -0.17184689 -0.15762686 -0.14464601 -0.12998656 -0.11646442 -0.10192656 -0.08915969 -0.07544878 -0.05951263 -0.04812560 -0.08878942 -0.09466925 0.10926857 0.00000000 ;
0.00000000 -0.00018575 -0.00117559 -0.00288810 -0.00599937 -0.01003709 -0.01607893 -0.02340654 -0.03356709 -0.04576672 -0.06219054 -0.08235457 -0.10941125 -0.14331708 -0.18692520 -0.23706516 -0.29052538 -0.33728538 -0.37256854 -0.39208052 -0.40081563 -0.40013197 -0.39590883 -0.38695138 -0.37736061 -0.36454582 -0.35229549 -0.33755914 -0.32402818 -0.30841215 -0.29429925 -0.27832545 -0.26395101 -0.24789767 -0.23347507 -0.21785646 -0.20359497 -0.18773213 -0.17272222 -0.15600206 -0.14006145 -0.12408440 -0.11010753 -0.08962452 -0.05711140 -0.06502835 -0.16340067 -0.04015129 0.00000000 ;
0.00000000 0.00000892 -0.00023507 -0.00127943 -0.00292234 -0.00595940 -0.00984256 -0.01569313 -0.02274942 -0.03252479 -0.04421918 -0.05992919 -0.07923868 -0.10525062 -0.13818474 -0.18101818 -0.23111436 -0.28567634 -0.33565333 -0.37658166 -0.40407944 -0.42157314 -0.42945689 -0.43242498 -0.42948214 -0.42433374 -0.41497962 -0.40487636 -0.39158499 -0.37844872 -0.36278642 -0.34781744 -0.33079277 -0.31477320 -0.29704371 -0.28038173 -0.26260303 -0.24605850 -0.22786261 -0.20964161 -0.18905962 -0.16979007 -0.15377136 -0.13614858 -0.09080627 -0.03163408 -0.12294737 -0.14299383 0.00000000 ;
0.00000000 0.00024986 0.00039454 0.00031463 -0.00060975 -0.00207038 -0.00489290 -0.00848282 -0.01392752 -0.02045271 -0.02946998 -0.04019440 -0.05454106 -0.07212136 -0.09581215 -0.12597537 -0.16562782 -0.21295261 -0.26617603 -0.31790724 -0.36425112 -0.40061615 -0.42864157 -0.44760451 -0.46079361 -0.46719528 -0.46984315 -0.46718930 -0.46218625 -0.45296801 -0.44242600 -0.42852708 -0.41411193 -0.39702360 -0.37980781 -0.36036354 -0.34121915 -0.32073641 -0.30119442 -0.27918793 -0.25466324 -0.22696283 -0.20543296 -0.19229556 -0.15716402 -0.05592565 -0.01063023 -0.13133778 0.00000000 ;
0.00000000 0.00036472 0.00100459 0.00135884 0.00147405 0.00073056 -0.00049693 -0.00299280 -0.00615038 -0.01096470 -0.01669405 -0.02458458 -0.03390577 -0.04631216 -0.06141208 -0.08166808 -0.10739465 -0.14140158 -0.18270550 -0.23085544 -0.28068312 -0.32940252 -0.37266048 -0.41064448 -0.44160206 -0.46728702 -0.48636627 -0.50086779 -0.50940000 -0.51410963 -0.51351126 -0.50985253 -0.50161481 -0.49097001 -0.47629833 -0.45974259 -0.43960448 -0.41788564 -0.39413094 -0.37074614 -0.34156422 -0.30379046 -0.26572394 -0.24710602 -0.23268359 -0.14613801 0.01914804 -0.04657815 0.00000000 ;
0.00000000 0.00047993 0.00128385 0.00218578 0.00269031 0.00294775 0.00239736 0.00143592 -0.00062321 -0.00321178 -0.00716919 -0.01184257 -0.01827072 -0.02581821 -0.03583574 -0.04793790 -0.06404731 -0.08427997 -0.11090430 -0.14343951 -0.18244755 -0.22501165 -0.26991269 -0.31389882 -0.35666949 -0.39610128 -0.43277780 -0.46503003 -0.49376899 -0.51746397 -0.53718523 -0.55145559 -0.56145130 -0.56585846 -0.56619598 -0.56093940 -0.54992759 -0.53112178 -0.50912624 -0.48588346 -0.45689636 -0.41185754 -0.35379108 -0.30806571 -0.28992971 -0.24843901 -0.09322701 0.02018061 0.00000000 ;
0.00000000 0.00045945 0.00139450 0.00237137 0.00333361 0.00387638 0.00419025 0.00382825 0.00315656 0.00164423 -0.00023751 -0.00313399 -0.00652311 -0.01120257 -0.01668612 -0.02399128 -0.03279698 -0.04446745 -0.05893084 -0.07772305 -0.10047372 -0.12798684 -0.15884661 -0.19305630 -0.22888696 -0.26649372 -0.30443289 -0.34309370 -0.38115808 -0.41907054 -0.45551132 -0.49071954 -0.52305805 -0.55275439 -0.57877003 -0.60116741 -0.61656029 -0.62254644 -0.61839824 -0.60800051 -0.59062326 -0.55786244 -0.50014924 -0.42058451 -0.36115932 -0.32833662 -0.23037267 -0.02502533 0.00000000 ;
0.00000000 0.00035729 0.00109862 0.00204592 0.00290508 0.00368914 0.00413217 0.00440543 0.00422705 0.00386672 0.00299100 0.00191979 0.00024199 -0.00171095 -0.00444654 -0.00767148 -0.01204093 -0.01736419 -0.02447766 -0.03327370 -0.04460726 -0.05815612 -0.07443096 -0.09269401 -0.11320196 -0.13516347 -0.15897023 -0.18404139 -0.21097652 -0.23938467 -0.27000613 -0.30265619 -0.33820078 -0.37610676 -0.41595581 -0.45723081 -0.50320982 -0.55349546 -0.59584205 -0.61774599 -0.63483314 -0.66626479 -0.67370904 -0.60291887 -0.51274449 -0.47463134 -0.41363170 -0.22324571 0.00000000 ;
0.00000000 0.00010339 0.00046248 0.00092721 0.00142292 0.00183507 0.00218992 0.00240164 0.00255138 0.00254674 0.00249526 0.00228437 0.00203171 0.00159655 0.00109274 0.00033864 -0.00057600 -0.00189378 -0.00357321 -0.00592143 -0.00891200 -0.01282812 -0.01754071 -0.02320728 -0.02957790 -0.03675489 -0.04448895 -0.05292113 -0.06185070 -0.07145740 -0.08157118 -0.09237159 -0.10375111 -0.11613248 -0.12987303 -0.14546340 -0.16296110 -0.18487601 -0.21763253 -0.26552072 -0.32071984 -0.37577018 -0.44743952 -0.54040868 -0.57850975 -0.54738428 -0.51443041 -0.40685992 0.00000000 ;
0 0 0 0 0 0 0 0 0 0 0 0 0 0 0 0 0 0 0 0 0 0 0 0 0 0 0 0 0 0 0 0 0 0 0 0 0 0 0 0 0 0 0 0 0 0 0 0 0 ;
]

